Date: 2025-02-27 14:10:15.094191 Nimi: 2, Oli selline tegevus: 2
Date: 2025-02-27 14:21:26.189700 Nimi: 2, Oli selline tegevus: 22
